2.8 3.86 0
2.5 0.32 10
2.7 0.44 1
4.6 0.87 13
2.1 6.14 0
1.6 0.87 9
1.4 1.52 1
7.0 6.44 10
1.3 8.93 8
1.5 1.28 1
1.3 2.10 2
3.5 1.26 11
3.8 3.44 10
2.2 20.84 0
1.4 0.80 0
1.7 1.31 8
1.8 1.35 0
1.3 2.32 1
2.9 1.47 9
1.1 18.76 1
1.4 27.29 1
1.2 1.25 9
1.4 1.93 2
1.6 1.29 1
1.6 1.98 9
1.4 1.17 1
1.8 9.43 2
2.5 15.18 9
1.8 1.75 1
1.6 0.77 2
1.6 2.18 8
1.6 2.00 1
1.2 1.63 0
1.1 12.29 1
1.3 27.38 9
1.2 1.01 2
1.4 8.86 0
1.6 1.55 9
1.4 2.33 0
1.3 1.03 1
1.3 9.65 2
2.5 13.67 9
1.9 1.68 1
1.4 8.39 1
3.0 2.03 11
1.2 1.54 1
1.6 1.39 10
2.3 4.38 2
2.8 13.51 11
1.2 10.27 1
1.1 2.61 1
1.1 3.23 1
1.4 1.11 10
1.7 16.98 1
2.2 8.72 2
2.8 1.31 10
1.3 10.18 1
1.4 2.52 2
1.3 0.85 9
1.2 9.55 1
1.3 27.34 1
1.3 0.86 2
1.3 1.97 9
1.4 2.20 1
1.4 2.74 1
1.3 9.74 9
4.9 9.47 13
1.2 0.89 1
1.4 2.39 1
3.1 1.86 11
1.5 8.25 2
1.5 31.64 1
1.2 1.04 2
1.3 2.46 9
1.3 1.75 1
1.6 2.18 2
1.3 0.90 9
1.2 9.92 1
4.1 8.91 12
1.4 9.07 2
1.1 2.65 1
1.3 3.00 1
1.1 1.61 9
1.1 10.12 1
2.0 16.24 1
1.9 1.59 10
1.4 1.43 2
1.3 2.23 1
1.7 8.28 10
1.3 1.15 1
1.7 7.21 2
4.4 8.03 11
1.3 1.29 1
1.6 2.24 10
1.3 11.13 0
1.1 1.81 1
1.1 41.18 1
1.6 1.94 10
2.9 1.68 3
3.1 1.72 11
1.1 16.64 1
1.3 31.23 1
1.2 1.94 9
2.6 2.68 3
1.4 1.26 1
2.5 8.19 11
4.5 8.33 12
1.2 1.89 1
2.7 2.51 3
1.1 10.78 9
1.2 30.00 1
1.5 2.07 2
1.5 1.70 9
1.6 1.66 2
1.2 3.36 1
1.3 9.19 1
5.3 9.11 12
1.5 2.04 10
1.2 1.92 1
1.1 3.26 1
1.2 10.58 1
2.0 21.65 10
1.8 1.69 2
1.6 1.34 2
1.4 1.98 9
1.1 4.12 1
1.1 2.38 1
2.8 16.83 11
1.1 13.62 1
1.1 3.64 1
1.0 2.07 1
2.4 20.29 10
1.3 2.08 2
1.5 1.87 1
1.6 2.23 10
1.4 1.90 1
2.2 13.61 2
2.1 12.43 8
1.0 2.61 1
1.0 3.19 1
1.1 3.51 9
1.1 12.18 1
1.5 23.67 2
1.2 1.28 1
1.6 2.26 10
1.7 1.80 1
1.1 12.18 1
1.0 11.32 1
1.3 27.00 10
1.6 0.92 1
1.4 2.58 1
1.6 2.31 9
1.5 1.09 2
1.4 30.41 1
1.8 2.75 2
1.4 8.89 9
1.3 2.40 2
1.4 2.43 1
1.4 1.93 9
1.4 32.51 2
1.2 1.20 1
1.3 2.78 1
2.9 5.49 11
1.9 6.43 2
